kinematics:
  shoulder:
    x: 0
    y: 0
    z: 0.1807803232992629
    roll: -0
    pitch: 0
    yaw: -1.370130535676556e-07
  upper_arm:
    x: 2.378269419401686e-05
    y: 0
    z: 0
    roll: 1.570154542643919
    pitch: 0
    yaw: 2.428531476288033e-06
  forearm:
    x: -0.4784080213781484
    y: 0
    z: 0
    roll: 5.472281209396665e-05
    pitch: 0.0006560752254172035
    yaw: -2.010516768946569e-07
  wrist_1:
    x: -0.3601055172456903
    y: 0.0003186103061237971
    z: 0.1743477212794805
    roll: 3.139765213866949
    pitch: -3.140868766573072
    yaw: 3.14159012171612
  wrist_2:
    x: 7.955722441100472e-05
    y: -0.1199253793694285
    z: 0.0001563199872440094
    roll: 1.569492850420387
    pitch: 0
    yaw: 1.29343850654301e-07
  wrist_3:
    x: -2.859190394667973e-05
    y: 0.1156048183539775
    z: 0.0001817504809876689
    roll: 1.572368495964229
    pitch: 3.141592653589793
    yaw: 3.141592563997074
  hash: calib_12344949200996103381